13
73
126.72 404.40000000000003
126.72 406.8
125.44 409.20000000000005
121.6 414.0
119.03999999999999 415.2
115.19999999999999 417.6
110.07999999999998 421.2
106.24000000000001 423.59999999999997
102.4 423.59999999999997
98.56 423.59999999999997
92.16 423.59999999999997
89.60000000000001 420.0
85.76 418.8
81.92 415.2
74.24000000000001 411.6
67.84 404.40000000000003
65.28 399.6
64.0 396.0
61.44 393.59999999999997
61.44 391.2
61.44 387.6
61.44 384.0
61.44 380.4
61.44 376.8
61.44 373.2
65.28 369.6
66.56 364.8
69.12 361.2
70.4 357.6
72.96000000000001 355.2
76.8 352.8
78.08 350.4
80.64 348.0
84.48 345.59999999999997
88.32000000000001 342.0
93.44 338.4
97.28 336.0
101.12 334.8
104.96000000000001 333.59999999999997
110.07999999999998 330.0
112.63999999999999 326.40000000000003
115.19999999999999 321.6
116.47999999999999 318.0
117.75999999999999 314.40000000000003
117.75999999999999 310.79999999999995
117.75999999999999 307.2
117.75999999999999 303.59999999999997
117.75999999999999 300.0
115.19999999999999 294.0
108.80000000000001 285.59999999999997
103.68 282.0
99.84 279.6
94.72 274.8
90.88 272.4
87.04 271.2
83.2 272.4
79.36 272.4
75.52 272.4
71.68 272.4
67.84 272.4
62.72 274.8
58.879999999999995 278.4
55.03999999999999 280.79999999999995
49.92 283.2
46.08 284.40000000000003
42.24 288.0
39.68 290.4
38.4 294.0
35.84 297.6
34.56 304.8
34.56 309.6
34.56 313.2
35.84 319.20000000000005
39
138.24 286.8
143.36 289.20000000000005
151.04 292.8
157.44 297.6
161.28 304.8
167.68 313.2
171.52 319.20000000000005
172.8 324.0
175.36 328.8
176.64000000000001 332.4
180.48 339.6
181.76 344.40000000000003
183.04 350.4
188.16 360.0
190.72 367.2
194.56 375.59999999999997
199.68 385.2
202.24 392.4
203.52 392.4
204.8 392.4
206.08 387.6
207.36 380.4
207.36 375.59999999999997
207.36 367.2
207.36 356.40000000000003
207.36 344.40000000000003
207.36 334.8
207.36 328.8
207.36 320.4
207.36 310.79999999999995
207.36 304.8
207.36 300.0
207.36 296.40000000000003
208.64000000000001 291.6
209.92000000000002 288.0
211.20000000000002 288.0
212.48000000000002 290.4
213.76000000000002 295.2
213.76000000000002 298.8
9
176.64000000000001 332.4
181.76 332.4
184.32 330.0
189.44 330.0
195.84 326.40000000000003
199.68 325.2
203.52 324.0
209.92000000000002 324.0
213.76000000000002 320.4
63
247.04000000000002 283.2
247.04000000000002 288.0
247.04000000000002 291.6
247.04000000000002 295.2
247.04000000000002 303.59999999999997
252.16000000000003 310.79999999999995
254.72000000000003 316.8
256.0 331.2
257.28000000000003 339.6
257.28000000000003 349.20000000000005
257.28000000000003 355.2
257.28000000000003 360.0
257.28000000000003 367.2
257.28000000000003 372.0
257.28000000000003 376.8
257.28000000000003 380.4
257.28000000000003 384.0
257.28000000000003 387.6
257.28000000000003 391.2
259.84000000000003 392.4
261.12 388.8
263.68 385.2
264.96 375.59999999999997
268.8 362.4
272.64 354.0
275.2 343.2
279.04 333.59999999999997
280.32 324.0
281.6 316.8
284.16 312.0
288.0 307.2
289.28000000000003 303.59999999999997
290.56 303.59999999999997
291.84000000000003 304.8
295.68 312.0
298.24 318.0
302.08 330.0
303.36 336.0
307.2 344.40000000000003
308.48 351.6
309.76 360.0
312.32 364.8
313.6 373.2
320.0 385.2
322.56 393.59999999999997
323.84000000000003 398.4
326.4 398.4
327.68 398.4
330.24 393.59999999999997
331.52 384.0
335.36 374.40000000000003
336.64 363.59999999999997
337.92 354.0
337.92 344.40000000000003
337.92 338.4
337.92 333.59999999999997
337.92 328.8
337.92 325.2
337.92 321.6
337.92 318.0
337.92 314.40000000000003
337.92 310.79999999999995
337.92 307.2
48
363.52 400.79999999999995
363.52 398.4
363.52 396.0
363.52 392.4
363.52 388.8
363.52 385.2
363.52 381.6
363.52 375.59999999999997
363.52 370.79999999999995
363.52 367.2
363.52 363.59999999999997
363.52 360.0
363.52 356.40000000000003
363.52 352.8
363.52 346.8
363.52 342.0
363.52 337.2
363.52 333.59999999999997
363.52 330.0
364.79999999999995 326.40000000000003
367.35999999999996 321.6
371.2 320.4
375.03999999999996 316.8
378.88 314.40000000000003
382.71999999999997 314.40000000000003
387.84 312.0
391.68 310.79999999999995
395.52 308.4
399.36 307.2
409.6 306.0
414.72 309.6
419.84000000000003 314.40000000000003
421.12 318.0
422.40000000000003 321.6
422.40000000000003 325.2
424.96000000000004 330.0
424.96000000000004 333.59999999999997
426.24 337.2
426.24 340.79999999999995
426.24 344.40000000000003
426.24 348.0
426.24 351.6
426.24 355.2
426.24 358.8
426.24 362.4
426.24 366.0
426.24 369.6
426.24 373.2
37
458.24 396.0
455.67999999999995 396.0
453.12 393.59999999999997
453.12 391.2
453.12 385.2
453.12 380.4
453.12 373.2
453.12 366.0
453.12 358.8
453.12 351.6
453.12 345.59999999999997
453.12 340.79999999999995
453.12 334.8
453.12 330.0
453.12 321.6
453.12 316.8
453.12 312.0
450.55999999999995 307.2
449.28 303.59999999999997
449.28 300.0
449.28 294.0
449.28 289.20000000000005
450.55999999999995 286.8
453.12 285.59999999999997
455.67999999999995 284.40000000000003
462.08 284.40000000000003
467.2 284.40000000000003
478.72 286.8
485.12 286.8
490.24 286.8
495.36 286.8
499.20000000000005 286.8
503.04 286.8
506.88 286.8
509.44000000000005 290.4
509.44000000000005 292.8
509.44000000000005 296.40000000000003
16
445.43999999999994 402.0
448.0 403.2
451.84 403.2
455.67999999999995 403.2
459.52 403.2
463.36 403.2
467.2 403.2
471.03999999999996 403.2
474.88 403.2
478.72 403.2
482.56 403.2
486.4 403.2
490.24 403.2
494.08000000000004 402.0
497.92 400.79999999999995
501.76 400.79999999999995
13
463.36 338.4
464.64 337.2
467.2 337.2
473.6 337.2
478.72 337.2
482.56 337.2
486.4 337.2
490.24 337.2
494.08000000000004 337.2
497.92 337.2
501.76 337.2
500.48 337.2
497.92 337.2
6
453.12 342.0
455.67999999999995 342.0
458.24 342.0
462.08 342.0
465.91999999999996 342.0
469.76 342.0
48
535.04 414.0
535.04 411.6
535.04 408.0
535.04 404.40000000000003
535.04 400.79999999999995
535.04 397.2
535.04 391.2
535.04 386.40000000000003
535.04 379.20000000000005
535.04 374.40000000000003
535.04 369.6
535.04 366.0
535.04 362.4
535.04 358.8
535.04 352.8
535.04 348.0
535.04 339.6
531.1999999999999 334.8
529.92 326.40000000000003
529.92 321.6
529.92 315.59999999999997
529.92 312.0
529.92 308.4
529.92 304.8
529.92 301.2
529.92 298.8
529.92 295.2
531.1999999999999 292.8
533.76 291.6
536.3199999999999 291.6
540.16 291.6
544.0 291.6
547.84 291.6
554.24 291.6
559.36 291.6
563.2 291.6
567.04 291.6
570.88 291.6
577.28 291.6
582.4 291.6
588.8000000000001 292.8
592.64 292.8
596.48 292.8
600.3199999999999 292.8
604.16 292.8
608.0 292.8
609.28 296.40000000000003
610.56 298.8
11
277.76 228.0
277.76 223.20000000000002
277.76 211.2
277.76 201.6
277.76 189.60000000000002
277.76 177.6
277.76 166.79999999999998
277.76 160.8
277.76 152.4
277.76 146.4
277.76 145.2
14
332.8 223.20000000000002
332.8 218.4
332.8 213.6
332.8 210.0
332.8 204.0
332.8 199.2
332.8 190.8
332.8 186.0
332.8 177.6
332.8 172.79999999999998
332.8 165.6
332.8 159.60000000000002
332.8 154.8
332.8 151.2
43
227.83999999999997 145.2
229.12 142.79999999999998
231.68 142.79999999999998
234.24 139.2
239.36 136.79999999999998
243.2 132.0
253.44 132.0
261.12 132.0
266.24 129.60000000000002
270.08 128.4
273.92 128.4
273.92 127.2
276.48 126.0
281.6 126.0
286.72 123.60000000000001
290.56 122.4
295.68 121.2
299.52000000000004 120.0
303.36 118.8
307.2 117.6
311.03999999999996 117.6
314.88 117.6
318.72 117.6
322.56 117.6
326.4 117.6
330.24 117.6
331.52 118.8
335.36 118.8
339.20000000000005 118.8
341.76 118.8
345.6 118.8
349.44000000000005 118.8
353.28000000000003 118.8
358.40000000000003 122.4
362.23999999999995 123.60000000000001
366.08 123.60000000000001
369.91999999999996 126.0
377.59999999999997 129.60000000000002
384.0 132.0
385.28 136.79999999999998
391.68 139.2
398.08 142.79999999999998
403.2 150.0
